979 793
1606 2234
80 141
2499 1064
1848 2172
898 1045
1789 2960
2906 2769
2312 946
1540 2447
3116 3262
549 525
381 2017
2524 1805
773 2879
118 1632
1313 182
3048 2826
62 2011
2630 2107
1706 2528
1914 3077
1432 1838
112 1077
2728 3154
727 2374
952 444
2748 2959
1688 1611
2269 2586
391 1701
2756 1277
1580 2423
3266 1943
2849 981
619 2519
2163 2477
346 343
529 2903
3212 2404
2905 1914
2122 1168
408 2719
569 3174
2106 983
557 827
2901 2183
436 376
962 1959
1699 1493
1686 2080
2772 1344
1787 762
2312 3005
1491 2760
1678 524
1505 584
1160 848
1435 802
3187 2465
2901 2166
1019 2003
1331 3326
2217 1132
2279 104
3137 2776
2003 2712
1748 240
3310 3044
2801 1218
2399 2200
142 1987
533 883
640 1861
3214 2209
3055 755
3246 3169
1073 465
2600 1764
2602 2659
385 2351
2663 1789
1414 3094
1480 544
1510 2118
516 3053
2996 2162
780 2305
2565 2058
1664 3241
2885 783
52 1267
1045 2535
460 3201
680 2809
1678 525
1671 2120
2664 1303
2642 728
138 2630
1444 2400
251 74
1323 1592
406 1969
1088 852
2964 2324
2632 509
2727 2986
3036 1518
1295 1810
1195 2318
3066 1119
268 2583
2421 1612
240 2635
1401 3105
2262 519
2687 1706
2706 2535
644 2416
428 216
135 1949
2426 999
1619 2240
1580 282
2292 2488
3198 1284
2119 2053
1832 963
710 2242
615 1404
309 2124
2292 3033
843 2630
105 2195
2804 1414
716 76
1957 633
608 3186
809 909
3269 1867
200 1722
24 1090
1071 2638
2616 3144
2946 1338
885 304
1982 381
1084 848
314 3132
1499 2361
3132 1067
2298 2804
1158 1281
1442 3250
1551 672
2932 620
1274 993
2355 437
559 380
2977 2678
238 848
2017 53
448 885
2482 2727
1762 2187
2459 1987
898 2689
2739 2071
417 608
432 1105
3004 1268
707 2918
142 1142
859 3206
859 1974
1642 2896
1137 1752
2617 2788
1628 1154
2827 866
999 2693
2361 72
1569 2448
1772 2764
3015 1030
2117 1019
742 961
1547 2372
1092 711
1029 2836
809 529
3094 2374
1177 168
499 3035
1839 1200
1598 1805
993 2053
2677 1536
833 1595
2490 1039
2612 3133
193 2467
1773 1234
2156 2146
2563 1972
984 1243
1845 719
3265 1966
828 1394
1095 1453
2988 590
755 934
2901 326
1453 197
2197 1944
506 716
645 1010
1965 1945
262 2919
2451 1852
298 1435
523 2636
979 909
820 3246
2470 3002
1917 64
1578 1857
2983 895
3102 195
1366 1738
2647 1879
2567 2252
2198 2220
2336 660
2729 1168
2530 2487
2709 644
1492 3123
3113 1843
1346 282
2324 726
397 1613
1433 1140
3264 1142
160 472
3216 2970
530 3261
2136 2399
4 843
2426 1047
711 1762
1984 2161
2674 2070
3324 94
3009 2521