574 3078
2733 1585
60 655
1626 930
2331 451
2745 2642
1475 997
1263 108
902 1124
2800 1963
1880 1119
1795 2863
1669 1019
2857 287
2847 1190
220 2106
403 94
1656 403
276 3104
2244 2312
1660 1980
2144 2524
1748 2234
467 3187
1548 654
2800 1502
2680 1382
2008 973
2434 2245
120 1659
3155 3256
1015 100
1546 1578
531 34
3187 2132
3068 1945
97 2214
2522 1944
739 3319
2457 28
322 2433
806 1504
735 337
987 385
1167 613
3311 1955
2691 2961
462 2222
700 1951
107 2652
701 797
850 1510
2788 1139
238 1310
859 662
726 1457
3223 382
928 1828
2188 1466
1299 252
2076 164
3310 676
2691 2433
1587 1644
2092 229
2295 402
817 1737
1211 127
887 1801
2008 1948
2661 3315
1682 564
1710 2642
2609 2512
246 973
862 669
2520 503
921 93
935 870
656 675
372 459
2376 1641
936 658
2530 320
1468 20
974 2128
1264 851
958 1101
9 708
2733 2611
3089 2476
844 3207
446 2783
275 130
282 2725
277 841
2912 1750
909 194
2408 550
2263 1248
2257 2980
104 1118
1729 239
2685 2153
1247 1472
185 2538
1184 1253
26 1101
2843 1681
1719 2146
2487 3304
938 741
2360 3179
626 3042
29 3093
1132 829
3 708
829 1873
1157 2369
2280 1931
1620 1750
1188 1049
143 1638
2794 2288
1664 3288
1822 615
1 856
1366 2823